              precision    recall  f1-score   support

           1       1.00      1.00      1.00      3346
           2       0.99      1.00      1.00      3346
           3       0.95      0.99      0.97      3345
           4       0.83      0.90      0.86      3345
           5       0.92      0.79      0.85      3345

    accuracy                           0.94     16727
   macro avg       0.94      0.94      0.94     16727
weighted avg       0.94      0.94      0.94     16727

Matriz de confusión:
[[3346    0    0    0    0]
 [   0 3346    0    0    0]
 [   0    4 3313   18   10]
 [   4    7   81 3023  230]
 [   4   11   82  608 2640]]
