              precision    recall  f1-score   support

           1       0.52      0.39      0.44        88
           2       0.35      0.16      0.22       117
           3       0.35      0.27      0.30       340
           4       0.46      0.33      0.38       943
           5       0.82      0.92      0.87      3345

    accuracy                           0.73      4833
   macro avg       0.50      0.41      0.44      4833
weighted avg       0.70      0.73      0.71      4833

Matriz de confusión:
[[  34   10   29    6    9]
 [  16   19   52   15   15]
 [  13   18   91  108  110]
 [   2    4   65  310  562]
 [   0    3   21  234 3087]]
