              precision    recall  f1-score   support

           1       0.99      1.00      1.00      3346
           2       0.99      1.00      0.99      3346
           3       0.93      0.98      0.95      3345
           4       0.81      0.85      0.83      3345
           5       0.88      0.78      0.83      3345

    accuracy                           0.92     16727
   macro avg       0.92      0.92      0.92     16727
weighted avg       0.92      0.92      0.92     16727

Matriz de confusión:
[[3346    0    0    0    0]
 [   0 3345    1    0    0]
 [   0   11 3262   50   22]
 [  10   15  146 2832  342]
 [   8   16  100  601 2620]]
