              precision    recall  f1-score   support

           1       1.00      1.00      1.00      3346
           2       0.99      1.00      0.99      3346
           3       0.94      0.98      0.96      3345
           4       0.82      0.86      0.84      3345
           5       0.88      0.79      0.84      3345

    accuracy                           0.93     16727
   macro avg       0.93      0.93      0.93     16727
weighted avg       0.93      0.93      0.93     16727

Matriz de confusión:
[[3344    0    0    0    2]
 [   0 3345    1    0    0]
 [   0    7 3277   43   18]
 [   5   11  116 2878  335]
 [   5   18   87  579 2656]]
