              precision    recall  f1-score   support

           1       0.57      0.35      0.44        88
           2       0.33      0.25      0.28       117
           3       0.38      0.32      0.35       340
           4       0.42      0.36      0.39       943
           5       0.83      0.89      0.86      3345

    accuracy                           0.72      4833
   macro avg       0.51      0.43      0.46      4833
weighted avg       0.70      0.72      0.71      4833

Matriz de confusión:
[[  31   13   29    6    9]
 [  13   29   46   18   11]
 [   6   27  109  102   96]
 [   4   15   71  340  513]
 [   0    4   29  338 2974]]
