              precision    recall  f1-score   support

           1       0.50      0.41      0.45        88
           2       0.35      0.23      0.28       117
           3       0.36      0.33      0.34       340
           4       0.43      0.36      0.39       943
           5       0.83      0.89      0.86      3345

    accuracy                           0.72      4833
   macro avg       0.49      0.44      0.46      4833
weighted avg       0.70      0.72      0.71      4833

Matriz de confusión:
[[  36   12   28    6    6]
 [  17   27   50   15    8]
 [  15   26  111  109   79]
 [   4    8   82  338  511]
 [   0    4   35  324 2982]]
